2 21.32
4 21.60
6 22.40
8 24.49
10 25.69
12 26.16
14 26.59
16 26.83
18 27.53
20 27.44
22 27.50
23 27.36
24 26.45
25 27.57
26 27.87
27 27.41
28 27.66
29 27.40
30 27.16
31 27.65
32 27.83
33 27.63
34 28.17
35 28.12
36 28.35
37 28.48
38 28.30
39 28.53
40 28.58
41 28.59
42 28.55
42 26.90
43 27.97
44 28.06
45 28.63
46 27.76
47 27.57
48 27.61
49 27.85
50 27.95
51 28.43
52 27.94
53 27.64
54 28.40
55 27.99
56 28.35
57 27.93
58 28.34
59 28.27
60 28.00
61 28.21
62 28.89
63 28.14
64 28.33
65 27.99
66 28.34
68 28.80
69 27.49
70 29.24
71 29.40
72 29.36
73 29.29
74 29.07
75 29.69
76 29.53
77 29.33
78 29.08
79 29.58
80 29.37
81 29.74
82 29.78
83 29.70
84 29.76
85 29.64
86 29.51
87 29.71
88 29.85
89 29.78
90 29.78
91 29.63
92 29.63
93 29.68
