2 22.86
4 23.62
6 24.26
8 27.35
10 29.25
12 29.59
14 30.13
16 30.32
18 31.08
20 31.01
22 31.00
23 30.54
24 30.22
25 30.83
26 31.12
27 30.88
28 31.12
29 30.90
30 31.06
31 31.08
32 31.43
33 31.14
34 32.02
35 31.97
36 32.22
37 32.30
38 32.32
39 32.36
40 32.27
41 32.47
42 32.44
42 30.90
43 32.19
44 31.49
45 32.40
46 31.69
47 31.60
48 31.85
49 31.72
50 31.71
51 32.23
52 31.98
53 31.81
54 32.19
55 32.09
56 32.33
57 31.81
58 32.20
59 31.96
60 32.04
61 31.59
62 32.47
63 32.09
64 31.75
65 31.70
66 32.28
68 32.80
69 31.98
70 33.61
71 33.31
72 33.39
73 33.41
74 33.30
75 33.68
76 33.54
77 33.46
78 33.50
79 33.67
80 33.43
81 33.65
82 33.67
83 33.68
84 33.79
85 33.69
86 33.50
87 33.68
88 33.90
89 33.82
90 33.68
91 33.69
92 33.68
93 33.67
